# R script for Peak Model
#  -- generated by MACS
p <- c(0.019603927156707668,0.02229946714075497,0.025362580758990543,0.028303169832496696,0.03173385708492054,0.03210143071910881,0.032469004353297075,0.031366283450732266,0.03222395526383823,0.03210143071910881,0.03344920071113246,0.03406182343477957,0.03430687252423842,0.033816774345320724,0.03393929889005015,0.03332667616640304,0.03295910253221477,0.032591528898026495,0.03173385708492054,0.03210143071910881,0.03210143071910881,0.03308162707694419,0.03393929889005015,0.034674446158426686,0.034551921613697266,0.03614474069517976,0.03651231432936803,0.03736998614247399,0.038227657955579954,0.03884028067922707,0.03749251068720341,0.03638978978463861,0.03736998614247399,0.03786008432139168,0.03896280522395649,0.039330378858144756,0.04018805067125072,0.0400655261265213,0.03969795249233302,0.03994300158179187,0.04190339429746264,0.04227096793165091,0.0411682470290861,0.04104572248435668,0.03945290340287418,0.03651231432936803,0.035777167060991495,0.03626726523990918,0.03675736341882688,0.03749251068720341,0.03675736341882688,0.03773755977666226,0.03945290340287418,0.038350182500309374,0.039330378858144756,0.04227096793165091,0.04153582066327437,0.0411682470290861,0.041780869752733214,0.042516017021109756,0.043741262468403985,0.04349621337894514,0.041780869752733214,0.043863787013133405,0.04472145882623937,0.04410883610259225,0.04582417972880417,0.04655932699718071,0.0470494251760984,0.04459893428150994,0.042638541565839176,0.04288359065529802,0.0443538851920511,0.044966507915698214,0.04423136064732167,0.04459893428150994,0.044966507915698214,0.04582417972880417,0.04533408154988648,0.04680437608663956,0.04680437608663956,0.046314277907721864,0.04533408154988648,0.04447640973678052,0.04533408154988648,0.045089032460427635,0.045946704273533596,0.045946704273533596,0.046314277907721864,0.0454566060946159,0.047171949720827826,0.04753952335501609,0.04668185154191013,0.0486422442575809,0.04766204789974551,0.04802962153393379,0.04680437608663956,0.04753952335501609,0.04753952335501609,0.04753952335501609,0.048519719712851475,0.05011253879433397,0.05244050514419301,0.05158283333108705,0.05256302968892243,0.05391079968094609,0.05403332422567551,0.05403332422567551,0.05464594694932262,0.05550361876242858,0.05538109421769916,0.054278373315134354,0.054278373315134354,0.05366575059148724,0.05403332422567551,0.05329817695729897,0.05378827513621666,0.05378827513621666,0.05378827513621666,0.05256302968892243,0.05366575059148724,0.054400897859863774,0.054155848770404934,0.05489099603878147,0.05538109421769916,0.054400897859863774,0.055136045128240316,0.054278373315134354,0.055258569672969736,0.05746401147809935,0.05697391329918166,0.05623876603080512,0.055626143307158,0.05587119239661685,0.05587119239661685,0.05734148693336993,0.057709060567558194,0.05746401147809935,0.05721896238864051,0.05685138875445223,0.055136045128240316,0.05587119239661685,0.05550361876242858,0.056361290575534545,0.05660633966499339,0.05685138875445223,0.05574866785188743,0.05623876603080512,0.05709643784391108,0.058444207835934736,0.061139747819982035,0.06138479690944088,0.06297761599092339,0.06150732145417031,0.061017223275252615,0.06064964964106435,0.062242468722546844,0.062364993267276264,0.06175237054362915,0.062364993267276264,0.060894698730523195,0.06175237054362915,0.062242468722546844,0.06322266508038223,0.06481548416186472,0.06444791052767646,0.06408033689348819,0.06616325415388838,0.06579568051970011,0.06518305779605299,0.06444791052767646,0.06408033689348819,0.06334518962511165,0.06371276325929992,0.062242468722546844,0.0631001405356528,0.062242468722546844,0.061997419633088,0.062242468722546844,0.0604046005516055,0.060894698730523195,0.06187489508835858,0.06150732145417031,0.062242468722546844,0.061997419633088,0.06285509144619396,0.0635902387145705,0.06420286143821761,0.06408033689348819,0.06677587687753549,0.06800112232482972,0.06726597505645318,0.06775607323537088,0.06873626959320626,0.07081918685360646,0.068368695959018,0.06910384322739453,0.06922636777212395,0.0705741377641476,0.07008403958522991,0.06885879413793568,0.06959394140631223,0.0694714168615828,0.06800112232482972,0.06751102414591204,0.06934889231685337,0.06959394140631223,0.06738849960118261,0.06726597505645318,0.06653082778807665,0.06689840142226491,0.06689840142226491,0.06751102414591204,0.06861374504847684,0.0705741377641476,0.0705741377641476,0.07020656412995933,0.07081918685360646,0.07118676048779472,0.07339220229292433,0.07559764409805395,0.07596521773224221,0.07621026682170105,0.07498502137440682,0.0737597759271126,0.07351472683765375,0.07253453047981837,0.07302462865873606,0.07339220229292433,0.07228948139035953,0.07130928503252414,0.07143180957725356,0.07326967774819491,0.07572016864278336,0.07424987410603029,0.07400482501657145,0.07682288954534817,0.07780308590318355,0.07866075771628951,0.07878328226101894,0.08062115043196028,0.0801310522530426,0.07976347861885433,0.07706793863480702,0.07866075771628951,0.0818463958792545,0.08025357679777201,0.08025357679777201,0.08000852770831317,0.0796409540741249,0.07817065953737182,0.07755803681372471,0.07621026682170105,0.07829318408210124,0.07866075771628951,0.07670036500061875,0.0780481349926424,0.0801310522530426,0.07890580680574837,0.0791508558952072,0.08147882224506624,0.08294911678181932,0.08417436222911355,0.08405183768438412,0.08417436222911355,0.08748252493680797,0.0903005894655847,0.08919786856301988,0.09066816309977296,0.09115826127869066,0.08944291765247873,0.08956544219720816,0.09042311401031411,0.09226098218125546,0.09079068764450239,0.09103573673396123,0.08772757402626681,0.08772757402626681,0.08637980403424315,0.08846272129464335,0.08785009857099624,0.08846272129464335,0.08723747584734912,0.08809514766045508,0.09079068764450239,0.09066816309977296,0.09103573673396123,0.09287360490490257,0.09630429215732642,0.09826468487299718,0.10181789667015045,0.1020629457596093,0.10475848574365659,0.10341071575163295,0.10426838756473891,0.10426838756473891,0.10671887845932737,0.10671887845932737,0.1079441239066216,0.1090468448091864,0.10892432026445698,0.11051713934593947,0.1106396638906689,0.11161986024850429,0.11027209025648063,0.11051713934593947,0.11076218843539833,0.11027209025648063,0.10990451662229236,0.10892432026445698,0.10880179571972755,0.10855674663026871,0.10965946753283351,0.10892432026445698,0.11088471298012774,0.10978199207756294,0.10867927117499813,0.10806664845135101,0.10831169754080987,0.11002704116702178,0.10733150118297448,0.10696392754878621,0.10622878028040968,0.10598373119095082,0.10353324029636236,0.10414586302000949,0.10377828938582122,0.10537110846730371,0.10659635391459794,0.10402333847528006,0.10524858392257429,0.10537110846730371,0.10537110846730371,0.10720897663824505,0.11002704116702178,0.1090468448091864,0.10965946753283351,0.10855674663026871,0.10328819120690352,0.10279809302798583,0.10304314211744468,0.10353324029636236,0.10194042121487987,0.0988773075966443,0.0972844885151618,0.09948993032029141,0.10022507758866794,0.10120527394650333,0.10463596119892718,0.10426838756473891,0.10451343665419775,0.10390081393055063,0.10451343665419775,0.10892432026445698,0.10990451662229236,0.10782159936189217,0.10818917299608044,0.10708645209351564,0.10463596119892718,0.10451343665419775,0.10451343665419775,0.10586120664622141,0.10622878028040968,0.10439091210946833,0.10537110846730371,0.10635130482513909,0.10475848574365659,0.10880179571972755,0.1101495657117512,0.10965946753283351,0.11076218843539833,0.1106396638906689,0.11149733570377486,0.10831169754080987,0.10769907481716275,0.10782159936189217,0.10733150118297448,0.10304314211744468,0.10414586302000949,0.10524858392257429,0.10255304393852699,0.10096022485704449,0.10145032303596217,0.10463596119892718,0.10475848574365659,0.10451343665419775,0.10500353483311545,0.10414586302000949,0.10451343665419775,0.10524858392257429,0.10696392754878621,0.1079441239066216,0.10586120664622141,0.10586120664622141,0.10659635391459794,0.10610625573568025,