# R script for Peak Model
#  -- generated by MACS
p <- c(0.014171422682006158,0.016425967199598046,0.019968822870099587,0.024155834117055953,0.028020767575784904,0.027054534211102665,0.024799989693510778,0.025444145269965603,0.02608830084642043,0.025444145269965603,0.024477911905283364,0.025766223058193014,0.024477911905283364,0.022867522964146302,0.021257134023009237,0.022223367387691477,0.024155834117055953,0.024155834117055953,0.02608830084642043,0.025444145269965603,0.028342845364012315,0.027054534211102665,0.02866492315223973,0.02995323430514938,0.03252985661096868,0.03188570103451385,0.03252985661096868,0.03220777882274127,0.030919467669831616,0.03027531209337679,0.02995323430514938,0.03027531209337679,0.03027531209337679,0.03027531209337679,0.02995323430514938,0.030597389881604205,0.030919467669831616,0.03381816776387833,0.03317401218742351,0.03349608997565092,0.03510647891678798,0.03478440112856057,0.03414024555210574,0.03317401218742351,0.030597389881604205,0.030919467669831616,0.03188570103451385,0.030597389881604205,0.03252985661096868,0.03607271228147022,0.03510647891678798,0.036716867857925044,0.036716867857925044,0.03832725679906211,0.041225956893108824,0.041225956893108824,0.03864933458728952,0.038971412375516934,0.03768310122260728,0.03703894564615246,0.03607271228147022,0.03639479006969763,0.03639479006969763,0.03607271228147022,0.03478440112856057,0.03414024555210574,0.03478440112856057,0.03381816776387833,0.03446232334033316,0.03220777882274127,0.03285193439919609,0.03542855670501539,0.03768310122260728,0.03832725679906211,0.039937645740199174,0.04090387910488141,0.042836345834245886,0.042836345834245886,0.044446734775382954,0.045735045928292604,0.04670127929297484,0.042514268046018475,0.04090387910488141,0.039293490163744345,0.03768310122260728,0.03639479006969763,0.03639479006969763,0.03607271228147022,0.03446232334033316,0.03607271228147022,0.036716867857925044,0.039293490163744345,0.03832725679906211,0.040259723528426584,0.040259723528426584,0.041225956893108824,0.041225956893108824,0.043158423622473296,0.045090890351837776,0.044446734775382954,0.044768812563610365,0.042836345834245886,0.046057123716520015,0.046057123716520015,0.04766751265765708,0.04670127929297484,0.048311668234111906,0.04798959044588449,0.04798959044588449,0.046057123716520015,0.045090890351837776,0.04541296814006519,0.043802579198928125,0.043480501410700714,0.044446734775382954,0.044446734775382954,0.042192190257791064,0.043158423622473296,0.042514268046018475,0.047023357081202255,0.04798959044588449,0.048633746022339316,0.04927790159879414,0.048633746022339316,0.04798959044588449,0.05088829053993121,0.05185452390461344,0.05153244611638603,0.05282075726929568,0.05249867948106827,0.05185452390461344,0.04992205717524897,0.04927790159879414,0.04992205717524897,0.05217660169284086,0.04992205717524897,0.05249867948106827,0.05378699063397792,0.05346491284575051,0.05153244611638603,0.05443114621043274,0.05894023524561652,0.06022854639852617,0.0637714020690277,0.06280516870434548,0.06473763543370994,0.06312724649257288,0.06216101312789065,0.06248309091611806,0.06538179101016478,0.06538179101016478,0.06699217995130184,0.07053503562180338,0.0660259465866196,0.06248309091611806,0.06409347985725512,0.06409347985725512,0.06312724649257288,0.06248309091611806,0.06055062418675358,0.05861815745738911,0.05636361293979722,0.05121036832815862,0.0557194573633424,0.06055062418675358,0.05990646861029876,0.05990646861029876,0.05958439082207135,0.06151685755143582,0.06216101312789065,0.06151685755143582,0.06022854639852617,0.0634493242808003,0.06183893533966323,0.06022854639852617,0.05732984630447946,0.0582960796691617,0.06216101312789065,0.06119477976320841,0.06216101312789065,0.0634493242808003,0.06538179101016478,0.06183893533966323,0.06248309091611806,0.06280516870434548,0.0660259465866196,0.0660259465866196,0.06570386879839218,0.06634802437484702,0.06505971322193736,0.06795841331598408,0.06731425773952925,0.0737558135040775,0.07536620244521457,0.07890905811571611,0.07955321369217093,0.08116360263330799,0.08180775820976283,0.08438438051558213,0.08857139176253849,0.08921554733899331,0.09018178070367555,0.08824931397431107,0.08470645830380953,0.08084152484508059,0.07890905811571611,0.07794282475103387,0.07826490253926129,0.07601035802166939,0.0737558135040775,0.07343373571585009,0.07246750235116785,0.07021295783357596,0.07085711341003079,0.07343373571585009,0.07439996908053233,0.0737558135040775,0.07343373571585009,0.07504412465698715,0.0763324358098968,0.07601035802166939,0.07729866917457905,0.08341814715089989,0.08502853609203695,0.08535061388026437,0.08728308060962883,0.08599476945671919,0.08631684724494659,0.08535061388026437,0.08438438051558213,0.08084152484508059,0.07826490253926129,0.07053503562180338,0.06828049110421149,0.06570386879839218,0.06634802437484702,0.06924672446889373,0.06989088004534855,0.0686025688924389,0.0686025688924389,0.07536620244521457,0.08019736926862576,0.08277399157444507,0.08921554733899331,0.09211424743304003,0.09050385849190297,0.09211424743304003,0.09275840300949485,0.09211424743304003,0.09404671416240451,0.08921554733899331,0.08760515839785625,0.08857139176253849,0.08502853609203695,0.08567269166849177,0.08953762512722073,0.08599476945671919,0.08599476945671919,0.08953762512722073,0.08760515839785625,0.08953762512722073,0.08857139176253849,0.09179216964481261,0.09308048079772227,0.09147009185658521,0.09147009185658521,0.09533502531531415,0.09791164762113345,0.09597918089176898,0.09662333646822381,0.10113242550340758,0.10596359232681878,0.10821813684441066,0.10499735896213654,0.10886229242086548,0.10692982569150102,0.1040311255974543,0.10081034771518017,0.10435320338568171,0.10757398126795584,0.1040311255974543,0.10209865886808982,0.10081034771518017,0.10338697002099947,0.09855580319758828,0.10016619213872535,0.10499735896213654,0.10628567011504618,0.10177658107986241,0.10048826992695276,0.09855580319758828,0.101454503291635,0.0988778809858157,0.09984411435049793,0.10467528117390912,0.10467528117390912,0.10306489223277206,0.10274281444454465,0.1066077479032736,0.10725190347972842,0.11047268136200256,0.1117609925149122,0.11208307030313962,0.11047268136200256,0.10757398126795584,0.10564151453859136,0.11079475915022996,0.11369345924427668,0.11208307030313962,0.11272722587959444,0.10789605905618325,0.10596359232681878,0.10725190347972842,0.1091843702090929,0.11208307030313962,0.11304930366782186,0.10628567011504618,0.10306489223277206,0.10628567011504618,0.10692982569150102,0.11015060357377514,0.1091843702090929,0.1117609925149122,0.11304930366782186,0.10982852578554772,0.11304930366782186,0.11723631491477822,0.11755839270300562,0.11562592597364116,0.11530384818541374,0.11272722587959444,0.1165921593383234,0.1143376148207315,0.1117609925149122,0.11369345924427668,0.11079475915022996,0.10854021463263808,0.10821813684441066,0.11304930366782186,0.11015060357377514,0.11465969260895892,0.10950644799732032,0.11015060357377514,0.11304930366782186,0.11111683693845738,0.10950644799732032,0.1091843702090929,0.10982852578554772,0.10467528117390912,0.10628567011504618,0.10725190347972842,0.1091843702090929,0.10982852578554772,0.10982852578554772,0.1091843702090929,0.11111683693845738,0.11240514809136702,0.1143376148207315,0.11304930366782186,0.11208307030313962,0.1114389147266848,0.10950644799732032,0.10564151453859136,0.10209865886808982,0.10177658107986241,0.10177658107986241,0.09984411435049793,0.09952203656227052,0.10177658107986241,0.10048826992695276,0.09791164762113345,0.09823372540936087,0.10177658107986241,0.10370904780922688,0.10789605905618325,0.10982852578554772,0.10950644799732032,0.10628567011504618,0.10467528117390912,0.1040311255974543,0.10628567011504618,0.11047268136200256,0.11047268136200256,0.11498177039718632,0.1117609925149122,0.11015060357377514,0.10821813684441066,0.11079475915022996,0.11465969260895892,0.11820254827946046,0.11594800376186856,0.11530384818541374,0.11111683693845738,0.10757398126795584,0.1117609925149122,